0 0 4 0 0 4 0 1 11 18 11 2 0 0 0 0 0 32 0 0
0 9 10 10 10 9 0 1 11 18 11 2 0 22 23 23 23 0 4 0
0 9 0 22 4 10 0 1 11 18 11 2 9 23 22 22 0 0 0 0
0 9 22 22 22 0 0 1 11 18 11 2 0 22 4 0 23 23 22 0
0 9 22 22 0 9 9 1 11 18 11 2 0 22 22 32 22 0 22 0
0 9 0 22 22 9 9 1 11 18 11 2 9 22 0 22 22 22 22 0
0 10 10 10 10 10 0 1 11 18 11 2 9 22 22 22 22 22 22 0
0 0 9 9 9 0 9 1 11 18 11 2 9 22 0 22 0 0 22 0
0 9 9 32 0 9 0 1 11 18 11 2 0 23 23 23 23 23 23 0
0 0 0 0 0 0 0 1 11 18 11 2 9 0 9 9 0 0 0 0
0 4 0 0 0 32 0 1 11 18 11 2 0 9 0 9 0 0 0 0